-0.01
0.01
0.01
-0.00
-0.01
0.02
0.05
0.08
0.06
0.02
-0.04
-0.11
-0.17
-0.18
-0.14
-0.08
-0.01
0.06
0.09
0.10
0.07
0.04
-0.01
-0.06
-0.11
-0.14
-0.11
-0.02
0.07
0.11
0.10
0.06
0.03
0.03
0.05
0.05
0.00
-0.08
-0.15
-0.17
-0.12
-0.03
0.05
0.08
0.08
0.06
0.05
0.06
0.06
0.01
-0.07
-0.16
-0.22
-0.23
-0.19
-0.07
0.09
0.24
0.31
0.29
0.20
0.09
-0.01
-0.12
-0.23
-0.32
-0.33
-0.25
-0.08
0.11
0.28
0.35
0.32
0.20
0.06
-0.09
-0.20
-0.28
-0.31
-0.27
-0.15
0.04
0.24
0.38
0.41
0.33
0.17
-0.01
-0.15
-0.25
-0.30
-0.30
-0.23
-0.07
0.13
0.29
0.36
0.32
0.23
0.11
-0.01
-0.15
-0.29
-0.37
-0.35
-0.22
-0.01
0.21
0.36
0.40
0.32
0.17
-0.01
-0.16
-0.27
-0.32
-0.29
-0.21
-0.08
0.07
0.20
0.27
0.27
0.22
0.12
0.01
-0.11
-0.22
-0.29
-0.29
-0.20
-0.06
0.11
0.26
0.33
0.31
0.21
0.06
-0.10
-0.22
-0.27
-0.24
-0.15
-0.04
0.05
0.10
0.12
0.12
0.11
0.09
0.03
-0.07
-0.17
-0.23
-0.22
-0.14
-0.02
0.08
0.14
0.16
0.14
0.11
0.06
-0.00
-0.06
-0.11
-0.13
-0.11
-0.08
-0.05
-0.03
-0.00
0.04
0.08
0.11
0.12
0.12
0.08
0.01
-0.07
-0.15
-0.19
-0.18
-0.12
-0.03
0.06
0.13
0.15
0.10
0.02
-0.05
-0.08
-0.06
-0.02
-0.01
-0.01
-0.01
0.01
0.06
0.10
0.12
0.11
0.08
0.04
0.00
-0.02
-0.03
-0.04
-0.04
-0.05
-0.03
0.02
0.07
0.10
0.10
0.07
0.03
-0.00
-0.02
-0.03
-0.05
-0.07
-0.10
-0.10
-0.07
-0.00
0.09
0.15
0.16
0.12
0.07
0.02
-0.03
-0.07
-0.09
-0.09
-0.05
0.00
0.06
0.12
0.15
0.16
0.14
0.09
0.03
-0.02
-0.05
-0.06
-0.07
-0.07
-0.04
0.00
0.06
0.12
0.13
0.11
0.06
0.02
-0.01
-0.03
-0.05
-0.07
-0.07
-0.04
0.01
0.06
0.06
0.02
-0.03
-0.07
-0.06
-0.03
-0.00
-0.01
-0.05
-0.10
-0.11
-0.08
-0.00
0.07
0.10
0.10
0.06
0.01
-0.05
-0.10
-0.11
-0.09
-0.04
0.02
0.07
0.11
0.12
0.10
0.05
-0.02
-0.08
-0.12
-0.13
-0.10
-0.04
0.02
0.07
0.11
0.13
0.13
0.10
0.06
0.01
-0.02
-0.06
-0.10
-0.12
-0.12
-0.09
-0.04
0.03
0.08
0.11
0.09
0.02
-0.05
-0.10
-0.12
-0.11
-0.09
-0.06
-0.00
0.06
0.09
0.07
0.03
0.01
0.01
0.03
0.04
0.01
-0.03
-0.06
-0.07
-0.08
-0.08
-0.06
-0.01
0.06
0.11
0.12
0.10
0.04
-0.04
-0.11
-0.15
-0.13
-0.07
0.01
0.07
0.10
0.10
0.07
0.05
0.01
-0.03
-0.05
-0.05
-0.04
-0.04
-0.04
-0.04
-0.03
0.01
0.05
0.09
0.10
0.06
0.02
0.00
0.02
0.03
0.03
0.00
-0.01
-0.01
0.00
0.00
-0.03
-0.07
-0.09
-0.08
-0.03
0.02
0.04
0.04
0.01
0.00
0.03
0.08
0.12
0.10
0.03
-0.06
-0.11
-0.09
-0.02
0.04
0.05
0.02
-0.03
-0.07
-0.07
-0.03
0.04
0.08
0.08
0.06
0.03
0.02
0.02
0.01
-0.02
-0.05
-0.06
-0.04
-0.02
-0.00
0.01
0.01
0.02
0.02
0.03
0.02
0.00
-0.03
-0.06
-0.06
-0.02
0.04
0.08
0.08
0.05
0.02
-0.00
-0.00
0.01
0.02
0.02
0.00
0.00
0.02
0.04
0.05
0.02
-0.05
-0.09
-0.09
-0.06
-0.02
-0.00
-0.01
-0.04
-0.05
-0.04
0.00
0.06
0.10
0.08
0.03
-0.02
-0.05
-0.05
-0.02
0.01
0.03
0.02
-0.00
-0.03
-0.03
-0.01
0.02
0.02
-0.00
-0.05
-0.08
-0.08
-0.04
-0.00
0.02
0.03
0.05
0.08
0.09
0.08
0.03
-0.02
-0.05
-0.04
-0.01
0.02
0.02
0.01
-0.00
0.01
0.01
-0.01
-0.03
-0.04
-0.04
-0.01
0.02
0.02
0.00
-0.04
-0.08
-0.08
-0.03
0.04
0.08
0.05
-0.04
-0.11
-0.13
-0.08
-0.00
0.05
0.05
0.04
0.02
0.01
0.00
-0.00
-0.01
-0.01
-0.01
-0.01
-0.01
-0.01
0.01
0.01
-0.01
-0.05
-0.08
-0.11
-0.12
-0.09
-0.03
0.03
0.07
0.05
-0.01
-0.06
-0.07
-0.06
-0.04
-0.01
0.03
0.08
0.12
0.14
0.11
0.04
-0.05
-0.13
-0.16
-0.15
-0.12
-0.05
0.04
0.15
0.22
0.23
0.15
0.02
-0.14
-0.28
-0.33
-0.31
-0.20
-0.05
0.12
0.28
0.39
0.40
0.31
0.12
-0.09
-0.26
-0.35
-0.34
-0.24
-0.11
0.04
0.17
0.27
0.30
0.25
0.14
0.00
-0.13
-0.23
-0.30
-0.31
-0.24
-0.09
0.10
0.26
0.37
0.40
0.35
0.20
-0.01
-0.24
-0.40
-0.43
-0.33
-0.17
0.02
0.21
0.36
0.44
0.42
0.28
0.07
-0.13
-0.28
-0.36
-0.34
-0.23
-0.05
0.15
0.31
0.37
0.33
0.23
0.10
-0.03
-0.13
-0.19
-0.22
-0.22
-0.18
-0.12
-0.01
0.14
0.29
0.36
0.33
0.20
0.04
-0.11
-0.22
-0.29
-0.30
-0.23
-0.09
0.09
0.25
0.34
0.33
0.23
0.09
-0.06
-0.19
-0.27
-0.27
-0.21
-0.11
0.01
0.13
0.23
0.29
0.28
0.23
0.14
0.01
-0.12
-0.23
-0.30
-0.28
-0.18
-0.04
0.11
0.21
0.25
0.21
0.12
0.02
-0.07
-0.12
-0.12
-0.10
-0.07
-0.04
0.01
0.07
0.11
0.11
0.07
-0.00
-0.07
-0.11
-0.11
-0.09
-0.06
-0.04
-0.03
-0.04
-0.03
-0.01
0.02
0.03
0.02
-0.01
-0.02
-0.01
-0.01
-0.04
-0.07
-0.08
-0.05
0.01
0.03
0.02
-0.01
-0.02
-0.00
0.03
0.04
0.03
0.01
-0.01
-0.03
-0.04
-0.04
-0.02
0.01
0.06
0.08
0.08
0.05
0.00
-0.04
-0.09
-0.12
-0.14
-0.14
-0.12
-0.07
-0.01
0.05
0.09
0.10
0.07
0.01
-0.04
-0.07
-0.08
-0.07
-0.08
-0.07
-0.05
-0.01
0.04
0.07
0.08
0.05
0.00
-0.04
-0.06
-0.07
-0.07
-0.07
-0.05
-0.00
0.05
0.08
0.09
0.09
0.09
0.09
0.05
-0.01
-0.07
-0.10
-0.07
-0.01
0.02
0.01
-0.03
-0.06
-0.04
0.02
0.06
0.07
0.03
-0.03
-0.08
-0.09
-0.06
-0.01
0.04
0.06
0.06
0.05
0.03
0.02
-0.00
-0.04
-0.07
-0.07
-0.06
-0.03
0.02
0.08
0.14
0.15
0.11
0.05
-0.00
-0.02
-0.01
0.01
0.01
-0.00
-0.02
-0.01
0.01
0.04
0.06
0.06
0.04
0.02
-0.00
-0.04
-0.08
-0.09
-0.05
-0.00
0.05
0.09
0.11
0.12
0.11
0.08
0.03
-0.01
-0.05
-0.07
-0.06
-0.03
0.02
0.07
0.09
0.09
0.06
0.03
-0.02
-0.07
-0.09
-0.08
-0.04
0.02
0.06
0.06
0.01
-0.04
-0.08
-0.07
-0.03
0.02
0.05
0.07
0.08
0.10
0.12
0.11
0.05
-0.01
-0.07
-0.07
-0.02
0.05
0.10
0.11
0.07
0.03
0.01
0.01
0.01
-0.01
-0.03
-0.06
-0.06
-0.04
-0.02
0.01
0.04
0.06
0.07
0.06
0.05
0.04
0.04
0.05
0.06
0.07
0.04
-0.01
-0.05
-0.05
-0.02
0.05
0.10
0.10
0.04
-0.03
-0.08
-0.07
-0.02
0.03
0.06
0.06
0.04
0.02
0.01
-0.01
-0.03
-0.04
-0.04
-0.03
-0.01
0.00
0.01
-0.01
-0.01
-0.01
0.01
0.02
0.02
0.00
-0.00
-0.01
-0.02
-0.03
-0.04
-0.04
-0.02
0.01
0.03
0.03
0.01
-0.00
-0.00
-0.00
-0.02
-0.06
-0.10
-0.10
-0.08
-0.03
0.01
0.04
0.05
0.06
0.05
0.02
-0.02
-0.06
-0.08
-0.09
-0.08
-0.05
0.00
0.04
0.04
0.01
-0.04
-0.07
-0.08
-0.07
-0.05
-0.05
-0.05
-0.05
-0.03
-0.02
0.01
0.03
0.02
0.01
-0.01
-0.04
-0.07
-0.08
-0.05
0.00
0.03
0.03
-0.01
-0.05
-0.05
-0.03
-0.01
-0.02
-0.03
-0.03
-0.01
0.03
0.07
0.09
0.07
0.04
0.01
-0.01
-0.01
0.00
0.00
-0.01
-0.02
-0.02
-0.02
-0.03
-0.05
-0.06
-0.07
-0.07
